Date;Pdc A [W];Pdc B [W];Pdc [W];Udc A [V];Udc B [V];Pac 1 [W];Pac 2 [W];Pac 3 [W];Pac [W];Uac 1 [V];Uac 2 [V];Uac 3 [V];Temp [°C];Temp2 [°C];Temp bat [°C];Pbat [W];Ubat [V];SOC [%];SOC targ [%];Pload [W];Pgrid feed [W];Pgrid load [W];Pgrid [W];Pext [W]
27.03.2024 00:00;5.6E-45;5.6E-45;1.1E-44;36.186024;28.90394;44.86918;44.7651;44.8402;134.47447;234.16954;233.9366;234.32637;22.955479;23.326578;20.816668;145.60287;398.674;81.951294;97.0;134.5474;0.36823237;0.58743805;0.21920568;0.0
27.03.2024 00:05;5.6E-45;5.6E-45;1.1E-44;36.21438;28.9531;48.351864;48.24843;48.324173;144.92447;237.2994;236.85501;237.46977;22.955479;23.261894;20.783333;153.98947;398.59772;81.79852;97.0;146.04836;0.3971956;0.87909;0.4818944;0.0
27.03.2024 00:10;5.6E-45;5.6E-45;1.1E-44;36.19036;28.92264;46.13761;46.037598;46.125813;138.30103;237.4841;237.12791;237.68742;22.935219;23.27684;20.766666;148.83006;398.55957;81.651924;97.0;138.16893;0.48723045;0.4724447;-0.014785737;0.0
27.03.2024 00:15;5.6E-45;5.6E-45;1.1E-44;36.160675;28.837046;47.635387;47.53624;47.64314;142.81477;238.32256;237.81015;238.36601;22.894634;23.27684;20.766666;153.09056;398.55957;81.502014;97.0;143.05792;0.6145489;0.65904415;0.044495225;0.0
27.03.2024 00:20;5.6E-45;5.6E-45;1.1E-44;36.14733;28.827116;49.379745;49.285767;49.385086;148.0506;238.30746;238.074;238.54695;22.904787;23.166965;20.749998;156.18556;398.674;81.34779;97.0;148.41853;0.47043538;0.55870986;0.08827448;0.0
27.03.2024 00:25;5.6E-45;5.6E-45;1.1E-44;35.890953;28.520483;77.24345;77.123604;77.18586;231.55292;235.43849;234.96492;235.54434;22.909866;23.326578;20.758333;260.24414;398.1781;81.121315;97.0;233.49707;0.30405605;0.61950594;0.3154499;0.0
27.03.2024 00:30;5.6E-45;5.6E-45;1.1E-44;35.741085;28.34003;74.21043;74.11029;74.17049;222.4912;235.2423;234.75545;235.4237;22.904787;23.371235;20.741665;254.63225;398.1781;80.90213;97.0;222.86105;0.60531384;0.54146755;-0.06384629;0.0
27.03.2024 00:35;5.6E-45;5.6E-45;1.1E-44;35.8945;28.556639;70.30464;70.218834;70.325195;210.84866;235.27843;234.75482;235.35225;22.909866;23.395996;20.749998;244.00813;398.1018;80.692505;97.0;210.47417;0.47408587;0.23297371;-0.24111216;0.0
27.03.2024 00:40;5.6E-45;5.6E-45;1.1E-44;35.93849;28.708923;69.415276;69.317505;69.40213;208.13492;235.11668;234.47687;235.09209;22.94535;23.405895;20.741665;240.17401;398.13995;80.4855;97.0;208.41316;0.479629;0.25107703;-0.22855198;0.0
27.03.2024 00:45;5.6E-45;5.6E-45;1.1E-44;35.50307;28.402931;66.5664;66.455925;66.51885;199.54117;235.37154;234.83342;235.5016;22.94535;23.405895;20.733334;225.82417;398.1018;80.28475;97.0;199.04976;0.5001638;0.18965895;-0.31050485;0.0
27.03.2024 00:50;5.6E-45;5.6E-45;1.1E-44;36.168903;29.035925;64.97473;64.87489;64.97207;194.82169;235.58812;235.28026;235.75679;22.935219;23.386097;20.733334;212.6974;398.13995;80.09013;97.0;195.63843;0.36282155;0.56205434;0.19923279;0.0
27.03.2024 00:55;5.6E-45;5.6E-45;1.1E-44;35.920757;28.746443;64.27585;64.165405;64.23244;192.67369;235.40253;235.05434;235.48119;22.940289;23.386097;20.716667;207.27148;398.13995;79.896706;97.0;192.496;0.41739827;0.36231944;-0.055078834;0.0
27.03.2024 01:00;5.6E-45;5.6E-45;1.1E-44;35.32841;28.20013;71.98816;71.83186;71.89749;215.71751;235.55626;235.18582;235.55646;22.94535;23.341475;20.716665;239.83832;397.83478;79.68355;97.0;215.69281;0.42591313;0.55393857;0.12802544;0.0
27.03.2024 01:05;5.6E-45;5.6E-45;1.1E-44;34.712944;27.666332;69.86603;69.73752;69.81575;209.4193;235.78668;235.57507;236.01228;22.93015;23.381142;20.708332;230.1643;398.06366;79.47592;97.0;209.37903;0.40931442;0.40012762;-0.009186804;0.0
27.03.2024 01:10;5.6E-45;5.6E-45;1.1E-44;35.047203;27.9716;46.643017;46.546978;46.647953;139.83795;236.0533;235.78455;236.21428;22.93015;23.34644;20.7;155.1454;398.36884;79.32684;97.0;139.73906;0.67825264;0.716202;0.037949383;0.0
27.03.2024 01:15;5.6E-45;5.6E-45;1.1E-44;35.923435;28.749952;40.87971;40.75938;40.839542;122.47864;235.3378;235.08415;235.67784;22.899708;23.34644;20.7;136.17433;398.48328;79.19419;97.0;122.74145;0.40354022;0.7204816;0.31694135;0.0
27.03.2024 01:20;5.6E-45;5.6E-45;1.1E-44;36.10184;28.882599;40.91962;40.837803;40.948208;122.70563;235.05913;234.8772;235.36508;22.87939;23.331543;20.7;136.592;398.48328;79.061295;97.0;122.78484;0.6727288;0.4270513;-0.24567747;0.0
27.03.2024 01:25;5.6E-45;5.6E-45;1.1E-44;35.58511;28.362833;44.013035;43.866554;43.952774;131.83237;235.35304;234.95615;235.56241;22.828506;23.286797;20.691668;143.75717;398.44513;78.92105;97.0;131.54597;0.5378313;0.45035183;-0.08747947;0.0
27.03.2024 01:30;5.6E-45;5.6E-45;1.1E-44;34.862988;27.684574;42.561314;42.4199;42.49842;127.47964;235.40913;235.05162;235.49658;22.828506;23.301725;20.7;140.469;398.52142;78.78254;97.0;126.75887;0.9327182;0.22223336;-0.71048486;0.0
27.03.2024 01:35;5.6E-45;5.6E-45;1.1E-44;34.903095;27.72671;40.92159;40.791782;40.887936;122.6013;235.1852;234.82591;235.45143;22.828506;23.296747;20.683334;136.65744;398.48328;78.64934;97.0;122.59948;0.46549484;0.47250596;0.0070111156;0.0
27.03.2024 01:40;5.6E-45;5.6E-45;1.1E-44;34.56942;27.524855;38.68953;38.594234;38.69379;115.977554;235.11664;234.47992;235.21541;22.818314;23.286797;20.683332;130.84122;398.48328;78.520935;97.0;115.49786;0.74614406;0.1822848;-0.5638592;0.0
27.03.2024 01:45;5.6E-45;5.6E-45;1.1E-44;34.64406;27.672459;35.160805;35.05313;35.11157;105.3255;235.10405;234.57655;235.15247;22.80301;23.291775;20.683334;121.94225;398.59772;78.40104;97.0;104.077065;0.8826953;0.049578253;-0.83311707;0.0
27.03.2024 01:50;5.6E-45;5.6E-45;1.1E-44;34.17869;27.30572;35.22346;35.15603;35.27939;105.658875;234.8585;234.27893;234.93565;22.808113;23.286797;20.675;122.387634;398.44513;78.281815;97.0;105.4046;0.39588133;0.29321182;-0.10266951;0.0
27.03.2024 01:55;5.6E-45;5.6E-45;1.1E-44;33.668144;26.87926;38.673664;38.615986;38.718216;116.007866;235.17805;234.61978;235.26512;22.792807;23.27684;20.633333;131.07503;398.48328;78.15319;97.0;117.00991;0.22275427;0.7765419;0.5537876;0.0
27.03.2024 02:00;5.6E-45;5.6E-45;1.1E-44;33.50712;26.75103;37.031845;36.97342;37.08;111.085266;234.86826;234.33281;234.92255;22.808113;23.27684;20.633333;126.64143;398.52142;78.02996;97.0;111.21517;0.4456142;0.43570918;-0.00990501;0.0
27.03.2024 02:05;5.6E-45;5.6E-45;1.1E-44;33.42144;26.723125;34.510693;34.405838;34.488686;103.40522;234.3862;234.05429;234.43463;22.792807;23.251919;20.641666;120.40713;398.52142;77.91215;97.0;103.3282;0.5197025;0.37215322;-0.14754927;0.0
27.03.2024 02:10;5.6E-45;5.6E-45;1.1E-44;33.456596;26.79592;37.717243;37.62202;37.725826;113.065094;238.02808;237.52809;238.16669;22.782593;23.251919;20.633333;128.59329;398.48328;77.786606;97.0;113.48469;0.39560977;0.51593363;0.12032387;0.0
27.03.2024 02:15;5.6E-45;5.6E-45;1.1E-44;33.483154;26.83728;43.422325;43.310917;43.398205;130.13145;238.15797;237.91933;238.30835;22.7877;23.186989;20.633333;142.87737;398.40698;77.64729;97.0;130.08603;0.39640248;0.36773208;-0.0286704;0.0
27.03.2024 02:20;5.6E-45;5.6E-45;1.1E-44;33.56771;26.931265;44.129288;44.04911;44.157295;132.3357;238.19449;237.66992;237.97412;22.777485;23.14692;20.633333;144.27536;398.40698;77.50491;97.0;132.40207;0.6340521;0.44440258;-0.18964952;0.0
27.03.2024 02:25;5.6E-45;5.6E-45;1.1E-44;33.59609;26.980995;45.549507;45.44728;45.56041;136.55719;238.18022;237.9913;238.20003;22.762156;23.116817;20.633333;147.8812;398.40698;77.3596;97.0;137.22868;0.21999662;0.82601666;0.60602003;0.0
27.03.2024 02:30;5.6E-45;5.6E-45;1.1E-44;33.594936;27.000765;43.967545;43.840683;43.941803;131.75003;238.12708;237.71893;238.19408;22.751926;23.12686;20.633333;144.05801;398.40698;77.2205;97.0;131.74231;0.36379117;0.51264024;0.14884907;0.0
27.03.2024 02:35;5.6E-45;5.6E-45;1.1E-44;33.690662;27.086866;43.69199;43.56579;43.652206;130.90999;237.89275;237.64574;238.007;22.751926;23.12686;20.633333;143.31438;398.3307;77.0807;97.0;130.27492;0.65262574;0.34911916;-0.30350658;0.0
27.03.2024 02:40;5.6E-45;5.6E-45;1.1E-44;33.816223;27.19374;42.288113;42.193417;42.31257;126.7941;237.54066;237.1526;237.52977;22.736572;23.121838;20.633333;140.16966;398.40698;76.94333;97.0;126.918076;0.45865506;0.4087443;-0.049910754;0.0
27.03.2024 02:45;5.6E-45;5.6E-45;1.1E-44;34.19096;27.492664;36.77759;36.66852;36.775307;110.22142;237.86522;237.71135;238.05412;22.731457;23.14692;20.625;126.1149;398.3307;76.82064;97.0;110.408066;0.29079247;0.7106773;0.41988486;0.0
27.03.2024 02:50;5.6E-45;5.6E-45;1.1E-44;34.046368;27.32929;37.580246;37.515915;37.63737;112.733536;237.49785;237.34894;237.724;22.731457;23.151936;20.625;128.16327;398.40698;76.69527;97.0;112.8639;0.45152217;0.4001222;-0.051399976;0.0
27.03.2024 02:55;5.6E-45;5.6E-45;1.1E-44;33.727486;27.03405;38.206818;38.09913;38.170277;114.47623;237.45647;237.20316;237.67857;22.736572;23.151936;20.625;129.48584;398.36884;76.56954;97.0;113.7839;0.6578292;0.15589704;-0.5019322;0.0
27.03.2024 03:00;5.6E-45;5.6E-45;1.1E-44;34.114887;27.353859;37.38122;37.293446;37.39245;112.067116;237.72789;237.37648;237.8067;22.741695;23.151936;20.600002;127.36357;398.36884;76.44448;97.0;111.960266;0.47547573;0.37060687;-0.10486886;0.0
27.03.2024 03:05;5.6E-45;5.6E-45;1.1E-44;34.207943;27.442045;35.8514;35.74192;35.839134;107.43246;237.71443;237.44783;237.8945;22.721214;23.151936;20.600002;123.542046;398.29254;76.324875;97.0;107.62257;0.39900956;0.430866;0.031856447;0.0
27.03.2024 03:10;5.6E-45;5.6E-45;1.1E-44;33.954327;27.240475;46.69585;46.623333;46.722084;140.04126;238.24344;238.02094;238.39798;22.726336;23.056469;20.591667;149.51683;398.29254;76.17766;97.0;139.72485;0.79452604;0.31169802;-0.48282802;0.0
27.03.2024 03:15;5.6E-45;5.6E-45;1.1E-44;33.664104;26.965498;57.71859;57.584286;57.652637;172.9555;238.35724;238.00137;238.5388;22.705837;23.061508;20.583334;180.89279;398.0255;76.00078;97.0;172.75415;0.47846717;0.4638625;-0.014604658;0.0
27.03.2024 03:20;5.6E-45;5.6E-45;1.1E-44;33.415882;26.742125;55.419727;55.292046;55.364883;166.07666;238.55083;238.16934;238.59315;22.70071;22.98583;20.575;171.60376;398.1018;75.83124;97.0;166.28705;0.39489257;0.5880117;0.19311911;0.0
27.03.2024 03:25;5.6E-45;5.6E-45;1.1E-44;33.559216;26.825533;53.90959;53.787575;53.874687;161.57185;238.40593;238.16734;238.5149;22.690449;22.94535;20.575;167.71202;398.06366;75.66485;97.0;161.42491;0.61046875;0.56284356;-0.047625184;0.0
27.03.2024 03:30;5.6E-45;5.6E-45;1.1E-44;32.76704;26.203413;51.588844;51.45964;51.553932;154.60242;238.30028;238.05374;238.39975;22.680183;22.93015;20.575;160.51544;398.06366;75.504364;97.0;154.96036;0.44769716;0.74053985;0.2928427;0.0
27.03.2024 03:35;5.6E-45;5.6E-45;1.1E-44;32.447624;26.025023;50.344337;50.242496;50.33362;150.92046;238.3289;238.11952;238.46391;22.64936;22.91494;20.566668;157.63165;398.1018;75.34766;97.0;151.11176;0.5258965;0.5369626;0.011066139;0.0
27.03.2024 03:40;5.6E-45;5.6E-45;1.1E-44;32.30186;25.943323;51.042343;50.956093;51.052185;153.05063;238.03181;237.70416;238.22517;22.639074;22.925081;20.558332;159.9301;398.1018;75.188065;97.0;152.79906;0.662308;0.4107552;-0.2515528;0.0
27.03.2024 03:45;5.6E-45;5.6E-45;1.1E-44;32.19944;25.856838;53.230354;53.128746;53.23414;159.59323;238.34163;238.21909;238.62811;22.63393;22.843784;20.558332;165.8455;397.98737;75.02326;97.0;158.90906;0.65483636;0.27337244;-0.38146392;0.0
27.03.2024 03:50;5.6E-45;5.6E-45;1.1E-44;32.314247;25.929955;49.76707;49.683144;49.797405;149.24762;238.54439;238.41013;238.76431;22.63393;22.904787;20.55;156.5097;398.0255;74.867714;97.0;149.52728;0.42332453;0.41770345;-0.0056210756;0.0
27.03.2024 03:55;5.6E-45;5.6E-45;1.1E-44;32.33812;25.927595;49.493908;49.393105;49.507404;148.39441;238.19652;238.1118;238.43747;22.623634;22.904787;20.55;156.0553;397.98737;74.71212;97.0;148.42337;0.4686138;0.6369195;0.1683057;0.0
27.03.2024 04:00;5.6E-45;5.6E-45;1.1E-44;32.373886;25.960957;47.980392;47.90101;47.99155;143.87296;238.66606;238.41003;238.84087;22.623634;22.925081;20.55;152.27536;398.1018;74.56094;97.0;143.71881;0.6826465;0.33793443;-0.34471208;0.0
27.03.2024 04:05;5.6E-45;5.6E-45;1.1E-44;32.353394;25.966326;46.75087;46.651962;46.74528;140.14812;237.76329;237.4679;237.89108;22.623634;22.94535;20.55;150.39746;397.98737;74.4126;97.0;140.9117;0.3283234;0.844028;0.51570463;0.0
27.03.2024 04:10;5.6E-45;5.6E-45;1.1E-44;32.08481;25.738142;64.67972;64.56338;64.63138;193.87448;237.23045;236.8683;237.31723;22.618484;23.031273;20.533333;216.73268;397.75848;74.21856;97.0;193.42538;0.5153758;0.49160656;-0.02376923;0.0
27.03.2024 04:15;5.6E-45;5.6E-45;1.1E-44;31.959717;25.647734;72.92063;72.82238;72.90122;218.64423;237.60104;237.08229;237.67311;22.64936;23.086666;20.525;251.13332;397.5296;74.00183;97.0;218.11356;0.55129325;0.3951442;-0.15614906;0.0
27.03.2024 04:20;5.6E-45;5.6E-45;1.1E-44;31.950945;25.666077;71.380066;71.25294;71.30162;213.93462;237.58173;237.21127;237.55998;22.669916;23.136892;20.525;246.94446;397.6059;73.7885;97.0;214.12845;0.42837104;0.29716715;-0.13120389;0.0
27.03.2024 04:25;5.6E-45;5.6E-45;1.1E-44;32.107033;25.812;68.256004;68.1372;68.19807;204.59128;237.27446;236.85999;237.35143;22.659641;23.141909;20.508333;234.48436;397.6822;73.58396;97.0;202.95805;0.8076632;0.111775;-0.6958882;0.0
27.03.2024 04:30;5.6E-45;5.6E-45;1.1E-44;32.23911;25.891172;65.810844;65.72143;65.81592;197.34819;237.30911;236.91753;237.16614;22.659641;23.136892;20.516666;220.51068;397.6822;73.385254;97.0;197.43239;0.55300504;0.23616207;-0.31684297;0.0
27.03.2024 04:35;5.6E-45;5.6E-45;1.1E-44;32.355904;25.979837;69.36946;69.254456;69.31663;207.94055;237.80942;237.15994;237.70187;22.680183;23.181988;20.508333;238.05612;397.6822;73.17776;97.0;208.05403;0.44363302;0.44364375;1.0728836E-5;0.0
27.03.2024 04:40;5.6E-45;5.6E-45;1.1E-44;32.414345;26.031136;69.802025;69.70383;69.76344;209.2693;237.37785;236.9387;237.32607;22.680183;23.22697;20.516666;241.69917;397.64404;72.969475;97.0;208.35428;0.6361572;0.13266285;-0.5034944;0.0
27.03.2024 04:45;5.6E-45;5.6E-45;1.1E-44;32.497955;26.08349;68.97608;68.88543;68.98697;206.84848;237.12021;236.55377;237.05983;22.685318;23.256908;20.508333;239.16467;397.6059;72.76327;97.0;207.40002;0.2895235;0.48828593;0.19876242;0.0
27.03.2024 04:50;5.6E-45;5.6E-45;1.1E-44;32.414745;26.002024;68.45839;68.357605;68.45831;205.2743;236.9193;236.38379;237.00742;22.690449;23.271856;20.5;237.15024;397.64404;72.55932;97.0;205.53264;0.2781011;0.4154433;0.13734221;0.0
27.03.2024 04:55;5.6E-45;5.6E-45;1.1E-44;32.323074;25.924112;59.59902;59.467724;59.529747;178.5965;236.79941;236.49104;236.9585;22.710962;23.151936;20.5;202.19681;397.91107;72.37734;97.0;177.97217;0.46976578;0.42251882;-0.047246963;0.0
27.03.2024 05:00;5.6E-45;5.6E-45;1.1E-44;32.179382;25.792213;44.07077;43.952267;44.012203;132.03525;236.64992;236.23285;236.71922;22.710962;23.12686;20.5;144.59613;397.87292;72.23659;97.0;132.32375;0.30557275;0.63761914;0.3320464;0.0
27.03.2024 05:05;5.6E-45;5.6E-45;1.1E-44;31.92251;25.531599;47.272038;47.169956;47.230515;141.67252;235.43495;235.28139;235.49213;22.680183;23.061508;20.5;150.89903;397.94922;72.086876;97.0;140.79005;0.975866;0.35017487;-0.6256912;0.0
27.03.2024 05:10;5.6E-45;5.6E-45;1.1E-44;32.01353;25.533405;47.157307;47.036236;47.109306;141.30286;235.51616;235.25136;235.67326;22.669916;23.031273;20.491667;150.88412;397.94922;71.93885;97.0;141.84834;0.265996;0.88067174;0.61467576;0.0
27.03.2024 05:15;5.6E-45;5.6E-45;1.1E-44;32.925755;26.195156;47.742508;47.629963;47.724037;143.0965;235.70041;235.33437;235.91164;22.6545;23.000988;20.491667;152.3802;397.94922;71.78849;97.0;143.86134;0.2481966;0.8878811;0.6396845;0.0
27.03.2024 05:20;5.6E-45;5.6E-45;1.1E-44;35.83707;28.625212;45.86991;45.75692;45.845627;137.47246;235.98619;235.81555;236.26872;22.64936;23.006039;20.483334;148.24858;398.1018;71.64183;97.0;138.31873;0.10109125;1.067451;0.96635973;0.0
27.03.2024 05:25;5.6E-45;5.6E-45;1.1E-44;42.286274;34.130714;46.287834;46.2121;46.29987;138.7998;235.57523;235.35628;235.91747;22.64936;22.98583;20.483334;149.38803;398.06366;71.49493;97.0;139.70932;0.21329744;1.3879396;1.1746421;0.0
27.03.2024 05:30;5.6E-45;5.6E-45;1.1E-44;58.026226;47.35118;46.665627;46.544563;46.610706;139.82089;235.43246;235.29308;235.76196;22.63393;22.990885;20.475;149.58105;397.94922;71.34752;97.0;139.31812;0.9024336;0.29153022;-0.6109034;0.0
27.03.2024 05:35;5.6E-45;5.6E-45;1.1E-44;90.24229;75.748215;46.487724;46.308548;46.357594;139.15387;235.36987;235.00061;235.83298;22.623634;22.975721;20.483334;148.75694;397.98737;71.201065;97.0;137.84491;1.0884391;0.27329674;-0.8151424;0.0
27.03.2024 05:40;5.6E-45;5.6E-45;1.1E-44;138.11996;122.52338;46.880066;46.773678;46.855797;140.50955;235.0671;235.04803;235.45279;22.623634;22.955479;20.475002;150.01009;398.0255;71.05337;97.0;140.21146;0.6974487;0.46649447;-0.2309542;0.0
27.03.2024 05:45;5.6E-45;7.2810357E-4;7.2810357E-4;170.47118;157.78638;46.5881;46.46328;46.53404;139.58542;235.36487;235.3005;235.45865;22.618484;22.955479;20.466667;149.77106;398.06366;70.90549;97.0;139.86609;0.460008;0.76990885;0.30990085;0.0
27.03.2024 05:50;1.7884477E-4;7.5032166E-4;9.2916645E-4;252.95055;163.52257;45.19305;45.14322;45.271275;135.60754;235.07158;234.8235;235.1302;22.644215;22.975721;20.466665;147.00214;398.0255;70.76103;97.0;136.44156;0.41009292;0.6482723;0.23817936;0.0
27.03.2024 05:55;0.010331888;0.020325808;0.030657696;259.12445;184.33185;45.21794;45.11487;45.18649;135.5193;234.67148;234.26512;234.881;22.64936;22.99594;20.45;145.77852;398.0255;70.619194;97.0;135.52266;0.680321;0.44777247;-0.2325485;0.0
27.03.2024 06:00;0.009030859;0.007130476;0.016161336;205.16925;245.18373;41.233658;41.129753;41.223824;123.587234;237.73647;237.13017;237.67819;22.664776;23.041359;20.441666;134.11581;398.1018;70.48826;97.0;124.07781;0.31238034;0.65889525;0.3465149;0.0
27.03.2024 06:05;0.051135194;0.052304838;0.10344003;203.58499;206.78482;339.40503;339.3248;339.42737;1018.1572;237.9734;236.81377;238.10924;22.950417;23.301725;20.441666;1046.3381;394.3634;69.58376;97.0;1018.84845;0.4934043;0.45907173;-0.034332573;0.0
27.03.2024 06:10;1.7516179;1.8020557;3.5536737;284.642;309.2922;362.7181;362.65796;362.74826;1088.1244;237.00154;235.99965;237.38153;23.10175;23.425674;20.475;1107.4198;393.7149;68.62252;97.0;1087.8821;0.48711818;0.36063126;-0.12648693;0.0
27.03.2024 06:15;6.8001046;8.467094;15.267199;333.76004;318.34497;362.6108;362.54132;362.6355;1087.7876;237.49997;236.21162;237.67815;23.32161;23.680983;20.491667;1093.1305;393.219;67.67186;97.0;1088.073;0.4683628;0.62300324;0.15464044;0.0
27.03.2024 06:20;16.954475;18.945642;35.900116;341.75116;331.41574;209.9875;209.88289;209.97209;629.84247;237.34785;236.37396;237.65279;23.42073;23.985834;20.55;602.48413;393.7912;67.14327;97.0;627.0578;1.1418302;0.5711766;-0.5706536;0.0
27.03.2024 06:25;61.41102;67.368645;128.77966;383.16278;381.85614;276.09106;275.9809;276.08563;828.1576;237.09541;236.40724;237.41434;23.548836;23.952198;20.566668;715.85046;396.53778;66.522964;97.0;827.04443;0.641411;0.54277986;-0.09863114;0.0
27.03.2024 06:30;97.57248;69.40995;166.98242;321.50656;412.7203;269.72433;269.6319;269.72757;809.08374;236.6289;235.593;237.00371;23.719963;24.076834;20.591667;653.68604;393.82935;65.95317;97.0;812.35565;0.31491694;1.4447228;1.1298058;0.0
27.03.2024 06:35;92.84831;93.96053;186.80884;427.59857;436.038;49.20949;49.112453;49.230663;147.55261;237.12799;236.71909;237.46382;23.715092;24.057713;20.616667;-35.752197;397.33887;65.977715;97.0;147.55074;0.84220624;0.8827282;0.04052198;0.0
27.03.2024 06:40;100.20252;101.16294;201.36546;418.88986;409.3808;38.508;38.409573;38.488976;115.40655;236.02629;235.68214;235.94751;23.690735;24.100708;20.633333;-87.9044;397.91107;66.04967;97.0;115.37826;0.634253;0.5644659;-0.069787145;0.0
27.03.2024 06:45;126.618385;121.509445;248.12784;421.85287;423.56116;40.32884;40.188396;40.27855;120.795784;235.83939;235.22842;235.94019;23.690735;23.995434;20.633333;-125.33282;398.29254;66.15781;97.0;121.83942;0.41551962;0.94217795;0.5266583;0.0
27.03.2024 06:50;144.69019;148.05481;292.745;432.07623;435.2523;40.655506;40.561577;40.64488;121.86197;235.6471;235.211;235.93039;23.729696;23.985834;20.641666;-168.97607;398.9029;66.291145;97.0;121.95277;0.62041813;0.6171302;-0.0032879114;0.0
27.03.2024 06:55;159.03099;165.33961;324.3706;430.62653;435.35983;40.108807;39.979958;40.05271;120.14147;235.0791;234.65352;235.47748;23.831593;24.067272;20.641666;-204.30006;399.70398;66.44735;97.0;121.29772;0.42251423;0.9559369;0.5334227;0.0
27.03.2024 07:00;175.43005;183.06425;358.49432;429.74908;434.4337;35.16286;35.08278;35.192165;105.437805;235.14197;234.51866;235.41963;23.923325;24.076834;20.641666;-246.8844;400.7721;66.644424;97.0;105.978325;0.4322216;0.716317;0.2840954;0.0
27.03.2024 07:05;197.6523;204.69786;402.35016;434.6022;434.826;36.72385;36.620056;36.7202;110.0641;235.44424;234.89323;235.74536;23.894405;24.138847;20.658333;-289.40244;401.1917;66.88287;97.0;110.59605;0.63055575;0.9000876;0.26953185;0.0
27.03.2024 07:10;258.46265;269.38202;527.84467;450.69043;443.64328;57.065437;56.97705;57.04458;171.08707;236.77124;235.9135;237.20343;23.985834;24.105476;20.641666;-354.10428;399.81842;67.169365;97.0;171.58836;0.7707256;0.5284502;-0.24227542;0.0
27.03.2024 07:15;335.141;347.65076;682.79175;452.66434;449.77454;794.2178;794.1338;794.25775;2382.6094;236.39288;235.5627;236.94876;24.398994;24.609219;20.699999;1751.752;395.27893;65.66317;97.0;2385.932;1.9206936;3.9078598;1.9871662;0.0
27.03.2024 07:20;393.98703;405.00217;798.9892;457.15106;447.1799;76.77683;76.68276;76.787476;230.24707;236.0786;235.79752;236.48216;24.384895;24.655613;20.741667;-554.2963;400.88654;66.12664;97.0;225.96678;1.779645;0.7304742;-1.0491707;0.0
27.03.2024 07:25;437.0633;456.82068;893.884;454.31418;452.97308;43.74702;43.64802;43.729233;131.12427;235.62013;235.33961;235.86931;24.539398;24.863005;20.758333;-750.7209;402.60315;66.73984;97.0;131.5474;0.62949884;0.6978107;0.06831187;0.0
27.03.2024 07:30;503.09058;519.63983;1022.7304;452.26553;451.75742;42.9139;42.845367;42.933346;128.69261;234.96529;234.40652;234.99342;24.576668;24.881329;20.816668;-876.1023;403.862;67.462975;97.0;127.58372;0.85612935;0.42214826;-0.4339811;0.0
27.03.2024 07:35;563.7442;576.61615;1140.3604;454.2985;452.0706;43.36127;43.212437;43.265984;129.83969;236.42406;235.84334;236.55772;24.585972;25.082903;20.849998;-997.4269;405.46417;68.27949;97.0;129.96838;0.7171956;0.37442744;-0.34276813;0.0
27.03.2024 07:40;631.84827;652.98254;1284.8308;457.49414;458.76154;44.223095;44.102474;44.189804;132.51538;238.12718;237.36253;237.90598;24.80333;25.212603;20.9;-1134.0774;406.07452;69.211716;97.0;133.38367;0.43870997;0.67762923;0.23891926;0.0
27.03.2024 07:45;757.2551;765.5047;1522.7598;454.30563;469.2894;44.07232;43.979095;44.067146;132.11856;238.42789;238.29396;238.82881;24.87675;25.458298;20.925001;-1366.0055;406.64673;70.3259;97.0;131.73254;0.67416924;0.41884136;-0.25532788;0.0
27.03.2024 07:50;816.19696;830.0284;1646.2253;461.1457;468.39105;43.412403;43.275223;43.332718;130.02034;235.6362;235.09576;235.49492;25.0;25.61493;21.0;-1492.2668;407.1808;71.55106;97.0;129.71028;0.71844065;0.4984957;-0.21994495;0.0
27.03.2024 07:55;875.9473;905.1746;1781.122;465.6919;467.3197;53.61888;53.481384;53.539837;160.6401;236.03027;235.34476;235.15341;25.28305;26.021986;21.075;-1593.3116;406.83746;72.86277;97.0;160.62453;0.67699313;0.4029715;-0.27402163;0.0
27.03.2024 08:00;890.899;920.5671;1811.4661;462.58948;465.63287;75.09551;74.98728;75.06437;225.14716;235.24202;234.52002;234.44635;25.574417;26.332598;21.133335;-1555.7344;406.99005;74.14272;97.0;226.09285;0.59013826;0.7210865;0.13094825;0.0
27.03.2024 08:05;1172.9481;1206.0597;2379.0078;465.6827;465.93283;73.27413;73.15392;73.23006;219.65811;235.62065;234.95795;234.80424;25.862284;26.578188;21.275;-2119.6208;408.0963;75.88396;97.0;220.31055;0.45962298;0.90429884;0.44467586;0.0
27.03.2024 08:10;1526.0667;1563.968;3090.0347;465.47824;465.06604;73.9466;73.815994;73.86531;221.62791;235.3452;235.11641;235.39658;26.214485;27.229767;21.525;-2821.844;409.4696;78.193344;97.0;223.15451;0.5358979;0.9242613;0.38836336;0.0
27.03.2024 08:15;1377.032;1410.9409;2787.973;461.8659;465.59662;81.76963;81.66658;81.72553;245.16174;234.4858;234.45119;234.76308;26.399832;27.401915;21.633333;-2492.165;408.2489;80.23382;97.0;245.09175;0.89508224;0.8744376;-0.020644665;0.0
27.03.2024 08:20;1205.4382;1236.8638;2442.302;457.6303;463.25195;82.41648;82.31835;82.36032;247.09515;234.54524;234.24478;234.48274;26.617022;27.116098;21.724998;-2151.3264;407.86743;81.99973;97.0;247.37138;0.6175839;0.70703304;0.08944917;0.0
27.03.2024 08:25;1012.32776;1040.6172;2052.9448;454.0513;461.70737;79.44312;79.327515;79.3844;238.15503;234.75119;234.01437;234.98897;26.633644;27.088957;21.816666;-1779.859;407.06635;83.46756;97.0;238.75044;0.31462198;0.5998587;0.28523672;0.0
27.03.2024 08:30;844.0461;873.0048;1717.0509;450.33255;460.06906;81.71556;81.59868;81.666084;244.98032;237.8404;237.45877;237.90102;26.66686;27.105246;21.891666;-1442.0354;406.76117;84.65416;97.0;246.02832;0.4478559;0.73375046;0.28589457;0.0
27.03.2024 08:35;849.58203;874.2494;1723.8314;452.84897;458.8771;82.379745;82.30206;82.35821;247.04001;238.81857;238.18353;238.49557;26.672382;27.132368;21.966667;-1442.622;407.40967;85.839584;97.0;245.50505;1.0362936;0.30864486;-0.72764874;0.0
27.03.2024 08:40;978.74347;1008.472;1987.2155;464.79562;458.3946;79.169334;79.047134;79.111824;237.32828;234.88655;234.57886;234.63133;26.688976;27.218971;22.05;-1715.7505;408.02002;87.24987;97.0;237.6655;0.52925056;0.6061036;0.07685304;0.0
27.03.2024 08:45;863.43677;894.6797;1758.1165;463.1275;456.95346;71.70347;71.588036;71.64851;214.94002;234.1947;233.62373;233.88066;26.7552;27.251358;22.133333;-1511.2811;408.36334;88.49274;97.0;214.69308;0.6673961;0.5152178;-0.15217835;0.0
27.03.2024 08:50;1118.8552;1147.0559;2265.9111;460.86954;460.7759;55.62422;55.542065;55.610035;166.77632;236.92447;236.4262;236.6731;26.859665;27.407274;22.225;-2065.1436;409.4696;90.18317;97.0;166.86543;0.7143137;0.6849054;-0.029408276;0.0
27.03.2024 08:55;818.3663;838.77606;1657.1423;457.67053;457.78522;55.198452;55.07839;55.108517;165.38536;237.02693;236.81386;237.05772;26.79924;27.375097;22.308332;-1463.976;407.37152;91.383125;97.0;165.60132;1.0932053;0.5734977;-0.5197076;0.0
27.03.2024 09:00;502.9873;519.073;1022.0603;442.07788;452.45908;85.0505;84.94444;84.984764;254.9797;238.25157;238.29964;238.36266;26.766214;27.551498;22.35;-747.1781;406.07452;91.9948;97.0;255.7291;0.87941176;0.8426609;-0.036750853;0.0
27.03.2024 09:05;488.0024;506.4912;994.49365;444.87286;452.6997;81.53447;81.417;81.45664;244.40811;234.56279;234.48026;234.57794;26.760702;27.50886;22.358334;-733.65356;406.5323;92.595276;97.0;244.62982;0.70476043;0.8807485;0.17598808;0.0
27.03.2024 09:10;501.47787;519.46075;1020.9386;448.98547;452.7794;80.17533;80.04109;80.10901;240.32544;234.58463;234.7;234.828;26.705542;27.434053;22.358334;-765.40283;406.79932;93.21584;97.0;241.51706;0.71554834;1.1109722;0.39542383;0.0
27.03.2024 09:15;565.85925;579.9667;1145.8259;455.265;452.3242;75.52461;75.41469;75.47429;226.41359;234.25702;234.28424;234.57204;26.61148;27.294474;22.391666;-898.62646;407.63855;93.94928;97.0;225.83708;1.0173103;0.59470797;-0.4226023;0.0
27.03.2024 09:20;714.2105;734.4456;1448.6561;454.76605;451.44064;75.20249;75.0891;75.15576;225.44736;234.10529;234.20076;234.30458;26.622562;27.31062;22.483334;-1198.1582;410.2707;94.926094;97.0;224.49829;0.94148225;0.5555788;-0.38590342;0.0
27.03.2024 09:25;955.2187;981.63324;1936.8519;466.03116;455.15106;132.14961;132.03084;132.08713;396.26758;234.6823;234.93922;235.05151;26.722107;27.30524;22.6;-1509.9097;411.14807;96.15603;97.0;231.7553;165.9753;0.52398455;-165.45131;0.0
27.03.2024 09:30;2796.3645;2852.797;5649.1616;474.6841;476.12418;1550.5032;1550.422;1550.5994;4651.5244;237.77385;238.00932;237.77583;28.439283;27.423344;22.666668;-916.2249;403.55682;96.89913;97.0;118.98477;4534.488;0.0;-4534.488;0.0
27.03.2024 09:35;2584.8694;2642.9187;5227.788;463.9683;464.67172;1711.7106;1711.6783;1711.953;5135.342;237.87679;238.66667;238.33456;29.29347;27.673645;22.575;2.9934692;402.6413;96.889984;97.0;100.88037;5033.6753;0.0;-5033.6753;0.0
27.03.2024 09:40;2447.3218;2500.4897;4947.8115;459.90002;462.7211;1620.5713;1620.5065;1620.6973;4861.775;237.13585;237.34613;237.31929;29.718237;28.05708;22.558334;2.8581514;402.25983;96.88083;97.0;101.812935;4760.1465;0.0;-4760.1465;0.0
27.03.2024 09:45;2522.5857;2577.2058;5099.7915;457.61752;459.25235;1668.6324;1668.6512;1668.8817;5006.1655;238.42258;238.22325;238.27711;30.171919;28.062286;22.516666;3.0931835;402.10724;96.87168;97.0;87.720566;4917.022;0.0;-4917.022;0.0
27.03.2024 09:50;1709.5657;1743.3936;3452.9592;447.83948;453.37167;1131.1682;1131.0991;1131.305;3393.5723;238.62611;238.515;238.56485;29.920387;28.077908;22.5;2.8070753;401.87836;96.86252;97.0;131.49364;3262.1082;0.0;-3262.1082;0.0
27.03.2024 09:55;1557.39;1598.4868;3155.877;450.50027;452.36856;1035.9774;1035.9474;1036.1171;3108.042;235.80386;235.46136;235.49442;29.872427;27.984037;22.475;2.9723003;401.80206;96.85336;97.0;152.84761;2956.1702;0.0;-2956.1702;0.0
27.03.2024 10:00;2814.7734;2868.124;5682.8975;460.36328;463.0072;1862.0703;1862.0554;1862.2509;5586.3765;237.28392;236.50403;236.24135;31.34923;28.140268;22.425;3.1677816;401.72577;96.844215;97.0;81.95884;5505.6357;0.0;-5505.6357;0.0
27.03.2024 10:05;3322.649;3354.0378;6676.6865;457.85745;438.77615;2183.1658;2183.159;2183.3896;6549.7144;236.55714;235.78738;235.88503;32.48307;28.704042;22.366667;2.7983825;401.76392;96.835045;97.0;44.34264;6503.8867;0.0;-6503.8867;0.0
27.03.2024 10:10;2040.9254;2098.8254;4139.751;447.6498;451.80518;1354.7539;1354.7577;1354.9081;4064.42;236.61188;236.18327;236.14653;31.74014;28.975716;22.35;2.7385247;401.8402;96.8259;97.0;99.72852;3963.7068;0.0;-3963.7068;0.0
27.03.2024 10:15;2069.2368;2128.8855;4198.122;449.23;450.84677;1375.7839;1375.7423;1375.8966;4127.423;237.08385;236.42067;236.36435;31.84267;29.105349;22.325;2.9934382;401.95465;96.81675;97.0;95.60567;4032.7185;0.0;-4032.7185;0.0
27.03.2024 10:20;2453.7822;2505.8018;4959.584;445.97943;463.63214;1624.1237;1624.1586;1624.3601;4872.6426;235.79527;235.22829;235.24814;31.97877;29.04561;22.283335;2.8180342;401.80206;96.80758;97.0;84.62425;4787.773;0.0;-4787.773;0.0
27.03.2024 10:25;2407.9722;2495.6726;4903.6445;446.5172;440.88736;1608.4858;1608.5326;1608.7056;4825.724;237.18723;236.88506;236.77;32.43863;29.095411;22.241665;2.894282;401.53503;96.79843;97.0;89.47247;4738.293;0.0;-4738.293;0.0
27.03.2024 10:30;3756.3005;3868.8254;7625.126;443.07706;451.64746;2496.5898;2496.623;2496.7722;7489.9854;237.41202;236.84193;236.96501;34.614136;29.56295;22.2;3.029364;401.4969;96.789276;97.0;407.45667;7085.8076;0.0;-7085.8076;0.0
27.03.2024 10:35;4027.9734;4171.323;8199.297;447.9728;437.76898;2671.344;2671.2646;2671.5286;8014.1367;235.7755;235.54659;235.24075;35.744408;30.657244;22.158333;-14.614055;401.57318;96.7947;97.0;389.25552;7621.5024;0.0;-7621.5024;0.0
27.03.2024 10:40;2304.9988;2370.5671;4675.566;441.8135;444.1221;1532.8539;1532.9119;1533.0698;4598.8354;235.10603;234.63568;234.75615;34.537315;30.68099;22.133335;2.8156433;401.00098;96.78555;97.0;177.24875;4420.9844;0.0;-4420.9844;0.0
27.03.2024 10:45;1976.0907;2036.3622;4012.453;446.87247;453.611;1312.8853;1312.8749;1313.0148;3938.775;235.86084;235.53625;235.55995;33.697937;30.4426;22.133335;3.0765805;401.57318;96.7764;97.0;128.38457;3809.448;0.0;-3809.448;0.0
27.03.2024 10:50;1860.9513;1913.1223;3774.0737;451.36496;453.54037;1237.0851;1237.108;1237.2456;3711.4387;234.77115;234.10562;234.03018;33.335056;30.117464;22.116667;2.7191055;401.57318;96.767235;97.0;140.35013;3571.0823;0.0;-3571.0823;0.0
27.03.2024 10:55;1697.865;1742.0016;3439.8667;449.68903;451.37445;1126.1798;1126.225;1126.3306;3378.7354;237.85477;237.36992;237.4507;32.770138;29.9156;22.091665;2.7306914;401.4969;96.75809;97.0;149.98727;3228.15;0.0;-3228.15;0.0
27.03.2024 11:00;2670.8193;2742.7214;5413.541;456.43585;460.57156;1774.2092;1774.3075;1774.4471;5322.964;238.11281;237.77214;237.76395;33.538467;29.891624;22.075;2.7531247;400.6195;96.74893;97.0;95.28551;5228.079;0.0;-5228.079;0.0
27.03.2024 11:05;2737.0063;2806.6763;5543.6826;452.98843;455.85236;1814.3885;1814.4303;1814.5958;5443.4146;238.43217;238.0406;238.3533;33.77202;30.050764;22.016666;3.0043952;401.53503;96.739784;97.0;88.476906;5354.406;0.0;-5354.406;0.0
27.03.2024 11:10;4301.5728;4431.7705;8733.344;450.55438;454.65543;2816.8152;2816.7302;2817.0442;8450.59;240.75838;240.28647;240.27432;36.83611;30.91733;21.991667;-127.98896;403.40424;96.840065;97.0;6.198386;8448.364;0.0;-8448.364;0.0
27.03.2024 11:15;3909.8384;4038.0493;7947.8877;439.2234;443.23;2535.0623;2535.0208;2535.2349;7605.318;236.71593;236.16385;236.23145;36.84224;31.956139;21.966667;-180.4319;402.6413;96.982956;97.0;17.817179;7586.276;0.0;-7586.276;0.0
27.03.2024 11:20;2190.7283;2254.8362;4445.5645;445.10907;446.00443;1458.1451;1458.2014;1458.323;4374.67;237.88156;237.40134;237.40265;35.47677;31.723013;21.95;2.956048;401.8402;96.97381;97.0;103.61372;4274.3413;0.0;-4274.3413;0.0
27.03.2024 11:25;2642.7014;2733.4666;5376.168;451.15262;454.28198;1759.5618;1759.584;1759.6951;5278.841;238.03268;237.74115;237.57126;35.264923;31.551142;21.933334;2.8200428;401.76392;96.96465;97.0;70.203285;5209.6934;0.0;-5209.6934;0.0
27.03.2024 11:30;3026.6697;3114.3625;6141.032;451.59814;457.14902;2010.0146;2010.0471;2010.1953;6030.257;237.3226;236.93034;236.82455;35.70631;31.568375;21.883335;2.9758115;401.61133;96.955505;97.0;49.08953;5982.4575;0.0;-5982.4575;0.0
27.03.2024 11:35;3135.3662;3246.723;6382.089;450.1843;454.5371;2087.8198;2087.8386;2088.0073;6263.6655;237.0478;236.71027;236.56218;35.87108;31.808538;21.875002;2.9492104;401.57318;96.946335;97.0;56.132256;6208.167;0.0;-6208.167;0.0
27.03.2024 11:40;2649.802;2710.9348;5360.737;449.11975;448.10617;1755.1488;1755.1948;1755.3069;5265.6504;237.93953;237.50719;237.27928;35.68725;31.700153;21.833334;2.9705563;401.4969;96.93719;97.0;84.250465;5183.0234;0.0;-5183.0234;0.0
27.03.2024 11:45;2314.2644;2379.171;4693.4355;447.63278;448.61475;1536.0457;1536.0608;1536.2712;4608.378;237.88712;237.52112;237.67381;35.02574;31.52814;21.8;2.8400965;401.57318;96.92804;97.0;165.56165;4442.4263;0.0;-4442.4263;0.0
27.03.2024 11:50;2611.5757;2676.1846;5287.7603;448.34286;451.01953;1731.9213;1731.872;1732.0178;5195.811;237.46593;237.13048;237.32632;35.219803;31.470556;21.775;2.8550217;401.45874;96.91887;97.0;824.91003;4366.1665;0.0;-4366.1665;0.0
27.03.2024 11:55;2730.6702;2809.1946;5539.8647;447.76132;454.54883;1813.5527;1813.5471;1813.6892;5440.789;237.87213;237.47527;237.23785;35.361385;31.499367;21.758335;2.9419026;401.45874;96.90972;97.0;963.75836;4501.079;0.0;-4501.079;0.0
27.03.2024 12:00;2477.79;2551.278;5029.0684;446.31198;453.53174;1645.8547;1645.9165;1646.0916;4937.863;238.02971;237.6173;237.48808;35.02574;31.493607;21.741665;2.9476235;401.45874;96.90057;97.0;1225.5609;3718.6667;0.0;-3718.6667;0.0
