Date;Pdc A [W];Pdc B [W];Pdc [W];Udc A [V];Udc B [V];Pac 1 [W];Pac 2 [W];Pac 3 [W];Pac [W];Uac 1 [V];Uac 2 [V];Uac 3 [V];Temp [°C];Temp2 [°C];Temp bat [°C];Pbat [W];Ubat [V];SOC [%];SOC targ [%];Pload [W];Pgrid feed [W];Pgrid load [W];Pgrid [W];Pext [W]
25.03.2024 00:00;5.6E-45;5.6E-45;1.1E-44;34.51277;27.36743;145.11462;144.97607;145.06627;435.15698;236.62701;235.75793;236.9508;23.091698;23.602781;22.233334;464.94226;393.40973;65.03649;97.0;438.2457;13.591139;14.67008;1.0789413;0.0
25.03.2024 00:05;5.6E-45;5.6E-45;1.1E-44;35.677773;28.486206;130.04436;129.93312;130.03484;390.01233;236.07834;235.709;236.14735;23.106775;23.597885;22.158335;415.26807;395.12634;64.66691;97.0;393.868;12.452963;13.712602;1.2596388;0.0
25.03.2024 00:10;5.6E-45;5.6E-45;1.1E-44;34.314148;27.339401;63.486362;63.388504;63.48489;190.35976;236.24512;235.74449;236.31386;23.071575;23.646809;22.15;204.5884;395.39337;64.473564;97.0;190.5863;0.45321238;0.47110048;0.017888099;0.0
25.03.2024 00:15;5.6E-45;5.6E-45;1.1E-44;32.67382;26.081318;62.749584;62.62181;62.714844;188.08624;235.80182;235.355;235.92087;23.076607;23.632145;22.108334;200.05609;395.54596;64.28094;97.0;187.18567;0.44752046;0.31953672;-0.12798375;0.0
25.03.2024 00:20;5.6E-45;5.6E-45;1.1E-44;32.350502;25.887684;63.70084;63.585335;63.678154;190.96432;235.13084;234.89627;235.43799;23.071575;23.612576;22.108334;206.95003;395.54596;64.086494;97.0;191.07297;0.41685274;0.46186656;0.045013815;0.0
25.03.2024 00:25;5.6E-45;5.6E-45;1.1E-44;33.03021;26.394833;63.76657;63.65829;63.75851;191.18338;235.20103;234.912;235.34874;23.051434;23.597885;22.091667;207.48543;395.27893;63.891018;97.0;190.51979;0.49026108;0.32599092;-0.16427016;0.0
25.03.2024 00:30;5.6E-45;5.6E-45;1.1E-44;33.34775;26.665737;62.286655;62.191624;62.278385;186.75667;235.5392;235.1609;235.80902;23.036312;23.583183;22.074999;197.65334;395.0119;63.700382;97.0;186.9168;0.39328447;0.45667654;0.06339207;0.0
25.03.2024 00:35;5.6E-45;5.6E-45;1.1E-44;33.041023;26.406988;61.814526;61.69452;61.780117;185.28917;234.945;234.80272;235.24117;23.026228;23.479961;22.025;195.29585;395.46967;63.511105;97.0;185.30467;0.35569975;0.37199858;0.01629883;0.0
25.03.2024 00:40;5.6E-45;5.6E-45;1.1E-44;32.596832;26.084148;84.391266;84.26291;84.3501;253.00427;235.3405;235.1795;235.48698;23.026228;23.46024;21.966667;274.26758;394.47784;63.262947;97.0;252.86256;0.58469576;0.5225701;-0.062125683;0.0
25.03.2024 00:45;5.6E-45;5.6E-45;1.1E-44;31.854815;25.5226;86.49196;86.36261;86.43247;259.28705;236.1827;235.8046;236.36499;23.016138;23.465172;21.941668;286.5793;394.3634;63.008953;97.0;258.27267;0.61617756;0.3639476;-0.25222996;0.0
25.03.2024 00:50;5.6E-45;5.6E-45;1.1E-44;32.671104;26.17336;53.20884;53.087753;53.20049;159.49709;235.77303;235.34006;235.84969;22.990885;23.361317;21.925;168.98013;394.66858;62.842445;97.0;159.05807;0.59770554;0.5684067;-0.029298842;0.0
25.03.2024 00:55;5.6E-45;5.6E-45;1.1E-44;33.30812;26.634615;51.265842;51.17745;51.26879;153.71208;236.0328;235.54428;236.04012;22.955479;23.291775;21.883333;160.15636;395.0882;62.681408;97.0;153.30067;0.5619838;0.3566707;-0.20531312;0.0
25.03.2024 01:00;5.6E-45;5.6E-45;1.1E-44;33.775837;27.004633;49.012985;48.92841;49.030216;146.9716;235.74205;235.20164;235.87782;22.935219;23.261894;21.85;154.2585;395.12634;62.52633;97.0;145.0863;0.6337579;0.39739242;-0.23636547;0.0
25.03.2024 01:05;5.6E-45;5.6E-45;1.1E-44;33.689053;26.921741;46.31695;46.204407;46.304592;138.82596;236.10048;235.74509;236.28564;22.935219;23.291775;21.791668;148.65108;394.5923;62.37793;97.0;138.83838;0.5126499;0.48897538;-0.023674518;0.0
25.03.2024 01:10;5.6E-45;5.6E-45;1.1E-44;33.33413;26.619596;46.90091;46.776405;46.860455;140.53777;237.0873;236.81433;237.11922;22.853966;23.231964;21.766666;149.71773;394.82117;62.22795;97.0;140.16054;0.4464605;0.5840865;0.13762599;0.0
25.03.2024 01:15;5.6E-45;5.6E-45;1.1E-44;33.928375;27.093653;48.3188;48.215263;48.30567;144.83974;237.49176;236.97658;237.48988;22.843784;23.181988;21.725;152.73013;394.74487;62.074566;97.0;144.4809;0.695082;0.6569905;-0.03809148;0.0
25.03.2024 01:20;5.6E-45;5.6E-45;1.1E-44;35.045464;28.106667;47.841705;47.720844;47.811405;143.37395;236.76901;236.54517;236.93123;22.8336;23.161955;21.691668;151.52786;395.0882;61.922413;97.0;141.77765;0.63251054;0.41024843;-0.22226211;0.0
25.03.2024 01:25;5.6E-45;5.6E-45;1.1E-44;35.563866;28.498802;43.029003;42.924023;43.005337;128.95836;236.83336;236.55383;237.09608;22.818314;23.231964;21.666668;141.36095;394.97375;61.78166;97.0;128.81976;0.6149845;0.5842783;-0.030706227;0.0
25.03.2024 01:30;5.6E-45;5.6E-45;1.1E-44;33.116005;26.425282;42.27929;42.177273;42.28039;126.73695;236.58975;236.29024;236.74397;22.813215;23.256908;21.641666;139.83795;394.97375;61.642532;97.0;127.7643;0.21688709;0.7425043;0.52561724;0.0
25.03.2024 01:35;5.6E-45;5.6E-45;1.1E-44;32.876778;26.266346;41.795853;41.690693;41.7817;125.26824;236.11043;235.89284;236.45058;22.818314;23.261894;21.625;138.38115;394.70673;61.504982;97.0;125.2787;0.62103397;0.45244828;-0.16858569;0.0
25.03.2024 01:40;5.6E-45;5.6E-45;1.1E-44;32.6125;26.09522;53.555172;53.427708;53.518112;160.50099;236.45209;235.95155;236.49913;22.797909;23.306698;21.608334;179.84537;394.24896;61.336784;97.0;160.3773;0.6445447;0.30229214;-0.34225258;0.0
25.03.2024 01:45;5.6E-45;5.6E-45;1.1E-44;33.035233;26.40938;44.192043;44.063255;44.14766;132.40295;237.34944;236.947;237.4344;22.797909;23.21199;21.591665;146.14735;394.89746;61.193012;97.0;132.5882;0.5991203;0.44227996;-0.15684035;0.0
25.03.2024 01:50;5.6E-45;5.6E-45;1.1E-44;32.69332;26.16979;42.59411;42.448624;42.53555;127.57828;237.10606;236.87656;237.22803;22.80301;23.256908;21.583332;140.80939;394.78302;61.053402;97.0;128.69557;0.17093536;0.5655021;0.39456674;0.0
25.03.2024 01:55;5.6E-45;5.6E-45;1.1E-44;32.99278;26.370644;43.938496;43.820568;43.914658;131.67372;236.81096;236.631;237.06622;22.777485;23.161955;21.566666;143.55614;394.5923;60.91065;97.0;131.9881;0.41373217;0.53540146;0.12166929;0.0
25.03.2024 02:00;5.6E-45;5.6E-45;1.1E-44;34.583073;27.709301;43.45859;43.35024;43.45389;130.26273;237.21262;236.96033;237.37512;22.7877;23.151936;21.55;142.59932;394.74487;60.768925;97.0;131.1968;0.357159;0.5516552;0.19449618;0.0
25.03.2024 02:05;5.6E-45;5.6E-45;1.1E-44;36.24673;29.114746;42.280922;42.169067;42.270176;126.72017;236.09514;236.00818;236.33502;22.777485;23.161955;21.533335;139.51552;394.516;60.630344;97.0;126.60373;0.60805655;0.56247234;-0.0455842;0.0
25.03.2024 02:10;5.6E-45;5.6E-45;1.1E-44;36.946293;29.67373;42.1902;42.104813;42.206715;126.501724;236.72922;236.59268;236.7224;22.772379;23.156948;21.508333;139.22581;394.66858;60.491974;97.0;125.94448;0.68424666;0.3072272;-0.37701946;0.0
25.03.2024 02:15;5.6E-45;5.6E-45;1.1E-44;34.62073;27.49866;42.716957;42.60543;42.686565;128.00896;236.98;236.9094;237.05515;22.751926;23.151936;21.483334;140.42467;394.5923;60.352356;97.0;126.05522;1.0532044;0.114501156;-0.93870324;0.0
25.03.2024 02:20;5.6E-45;5.6E-45;1.1E-44;34.665142;27.50626;43.232166;43.12934;43.213;129.57451;236.12167;235.69368;236.14067;22.757044;23.131876;21.466667;141.61021;394.40155;60.21131;97.0;128.74106;0.7637502;0.35077995;-0.41297024;0.0
25.03.2024 02:25;5.6E-45;5.6E-45;1.1E-44;33.664253;26.65575;43.486546;43.34634;43.41503;130.24792;236.05702;235.98865;236.31416;22.74681;23.121838;21.441668;142.40677;394.516;60.069637;97.0;130.28848;0.25085774;0.6304827;0.37962493;0.0
25.03.2024 02:30;5.6E-45;5.6E-45;1.1E-44;34.870068;27.534952;42.78511;42.635796;42.723206;128.1441;236.08345;235.97745;236.2063;22.741695;23.121838;21.383333;141.00928;394.55414;59.929382;97.0;129.45207;0.112228826;1.0957092;0.9834804;0.0
25.03.2024 02:35;5.6E-45;5.6E-45;1.1E-44;34.320988;27.01676;42.934914;42.82498;42.91464;128.67453;235.93785;235.92474;236.21922;22.757044;23.121838;21.366665;141.33762;394.3634;59.788822;97.0;128.95566;0.5031043;0.54455626;0.04145193;0.0
25.03.2024 02:40;5.6E-45;5.6E-45;1.1E-44;32.851665;25.88523;44.511715;44.40904;44.515873;133.43663;236.00208;235.9331;236.10545;22.726336;23.081642;21.35;144.6253;394.55414;59.644627;97.0;133.12863;0.6029786;0.41360056;-0.18937802;0.0
25.03.2024 02:45;5.6E-45;5.6E-45;1.1E-44;31.725805;24.98679;46.48046;46.35156;46.43391;139.26593;236.44939;236.15666;236.47589;22.721214;23.046398;21.291666;149.10066;394.4397;59.495342;97.0;139.3682;0.23023875;0.98101217;0.75077343;0.0
25.03.2024 02:50;5.6E-45;5.6E-45;1.1E-44;33.48926;26.399961;47.89126;47.796074;47.89802;143.58536;236.8592;236.64113;236.81424;22.721214;23.01109;21.250002;151.75644;394.3634;59.343063;97.0;144.4531;0.47622234;0.61690384;0.1406815;0.0
25.03.2024 02:55;5.6E-45;5.6E-45;1.1E-44;33.557755;26.464949;50.11696;50.03506;50.11869;150.27072;236.5814;236.35815;236.67067;22.690449;22.98583;21.241667;157.55725;394.13452;59.18471;97.0;150.22336;0.55597824;0.48156658;-0.07441166;0.0
25.03.2024 03:00;5.6E-45;5.6E-45;1.1E-44;31.941084;25.14439;51.978035;51.86498;51.93925;155.78227;236.73405;236.3388;236.89198;22.675053;22.950417;21.216665;161.82368;394.24896;59.021862;97.0;155.69821;0.53258955;0.47354853;-0.059041023;0.0
25.03.2024 03:05;5.6E-45;5.6E-45;1.1E-44;30.401192;23.86296;57.47376;57.358177;57.43663;172.26857;236.11005;235.6754;236.19878;22.680183;22.955479;21.2;181.62137;393.82935;58.844494;97.0;172.24889;0.572473;0.6238423;0.05136931;0.0
25.03.2024 03:10;5.6E-45;5.6E-45;1.1E-44;31.349102;24.812338;80.83875;80.70601;80.78605;242.33081;236.1545;235.92848;236.29944;22.669916;23.06654;21.149998;272.049;393.75305;58.60478;97.0;243.09224;0.37655908;0.6213067;0.24474764;0.0
25.03.2024 03:15;5.6E-45;5.6E-45;1.1E-44;31.20129;24.786453;78.46614;78.32044;78.39334;235.17993;236.02275;235.72964;236.03764;22.69558;23.10175;21.125;266.08655;393.67676;58.370983;97.0;235.03691;0.17149444;0.68968683;0.5181924;0.0
25.03.2024 03:20;5.6E-45;5.6E-45;1.1E-44;30.974623;24.648048;78.70727;78.56897;78.6503;235.92654;235.86386;235.46562;235.82224;22.69558;23.14692;21.091665;266.81424;393.7149;58.136646;97.0;236.82642;0.14301106;0.6701219;0.5271108;0.0
25.03.2024 03:25;5.6E-45;5.6E-45;1.1E-44;30.619692;24.344063;75.525665;75.4215;75.51551;226.46268;235.87419;235.48935;235.92911;22.710962;23.246937;21.075;258.37405;393.7149;57.91062;97.0;226.39761;0.3369361;0.39933303;0.062396944;0.0
25.03.2024 03:30;5.6E-45;5.6E-45;1.1E-44;30.775404;24.48386;76.26174;76.115585;76.177055;228.55438;236.2268;236.00249;236.41388;22.716087;23.256908;21.058332;259.75323;393.60046;57.682556;97.0;230.02876;0.34416962;0.6746293;0.33045965;0.0
25.03.2024 03:35;5.6E-45;5.6E-45;1.1E-44;30.826014;24.53604;78.48693;78.36048;78.44712;235.29453;235.6153;235.3691;235.69624;22.705837;23.266878;21.033333;265.10312;393.56232;57.449036;97.0;235.67274;0.3487207;0.6109497;0.262229;0.0
25.03.2024 03:40;5.6E-45;5.6E-45;1.1E-44;30.770695;24.472908;77.374825;77.25314;77.33289;231.96085;235.95839;235.45197;236.02641;22.726336;23.291775;21.008335;262.43762;393.60046;57.218086;97.0;231.11365;0.45997635;0.3116224;-0.14835393;0.0
25.03.2024 03:45;5.6E-45;5.6E-45;1.1E-44;30.597876;24.295128;75.16229;75.04628;75.12076;225.32933;236.09529;235.725;236.00604;22.736572;23.311668;20.966667;256.48724;393.6386;56.992958;97.0;224.68723;0.43159547;0.40472558;-0.026869893;0.0
25.03.2024 03:50;5.6E-45;5.6E-45;1.1E-44;30.542612;24.250008;73.35222;73.24557;73.348755;219.94653;236.08777;235.72023;236.04974;22.751926;23.281818;20.941666;248.89758;393.6386;56.772488;97.0;219.30441;0.7060456;0.23486006;-0.47118556;0.0
25.03.2024 03:55;5.6E-45;5.6E-45;1.1E-44;30.630993;24.321333;48.806683;48.671642;48.75742;146.23575;236.13039;235.7175;236.2833;22.731457;23.121838;20.908333;153.49535;393.82935;56.617825;97.0;146.1828;0.3427885;0.52304596;0.18025747;0.0
25.03.2024 04:00;5.6E-45;5.6E-45;1.1E-44;30.41022;24.10605;48.1425;48.05514;48.162838;144.36049;235.33275;234.94041;235.3952;22.721214;23.076607;20.9;151.5804;393.7912;56.464928;97.0;144.18498;0.7085236;0.58735186;-0.12117171;0.0
25.03.2024 04:05;5.6E-45;5.6E-45;1.1E-44;30.092257;23.835836;52.95631;52.854652;52.944607;158.75557;237.6456;237.4619;237.74689;22.705837;23.026228;20.875;164.49643;393.75305;56.299114;97.0;159.12181;0.559501;0.5544724;-0.0050286055;0.0
25.03.2024 04:10;5.6E-45;5.6E-45;1.1E-44;30.33999;24.07045;53.010918;52.908882;52.998837;158.91864;237.55359;237.24182;237.753;22.70071;22.990885;20.858334;164.61894;393.75305;56.133236;97.0;158.78543;0.49660474;0.5588038;0.062199056;0.0
25.03.2024 04:15;5.6E-45;5.6E-45;1.1E-44;30.646639;24.35008;49.601723;49.51151;49.617348;148.73059;237.63666;237.23299;237.8057;22.675053;22.98583;20.825;154.93137;393.7149;55.9762;97.0;148.06084;0.6276546;0.38852906;-0.23912555;0.0
25.03.2024 04:20;5.6E-45;5.6E-45;1.1E-44;30.85139;24.555256;48.60371;48.524258;48.60977;145.73773;238.07483;237.67506;238.16391;22.664776;22.98583;20.8;153.20831;393.7912;55.82195;97.0;144.69374;0.78486395;0.41958487;-0.36527908;0.0
25.03.2024 04:25;5.6E-45;5.6E-45;1.1E-44;31.062853;24.753925;48.60179;48.49655;48.591896;145.69025;237.94458;237.76318;238.14096;22.659641;22.980776;20.775;153.3135;393.8675;55.66768;97.0;145.9506;0.6167387;0.67389613;0.057157457;0.0
25.03.2024 04:30;5.6E-45;5.6E-45;1.1E-44;31.817146;25.428532;48.456245;48.356922;48.43188;145.24506;237.94197;237.66806;238.1886;22.6545;22.94535;20.741667;152.92015;393.75305;55.51377;97.0;143.86353;0.7693003;0.42960933;-0.33969095;0.0
25.03.2024 04:35;5.6E-45;5.6E-45;1.1E-44;32.507774;25.972565;48.585464;48.493908;48.60289;145.68227;238.59038;238.17384;238.74081;22.644215;22.950417;20.716665;153.23038;393.67676;55.35929;97.0;145.16687;0.7954231;0.66161186;-0.13381124;0.0
25.03.2024 04:40;5.6E-45;5.6E-45;1.1E-44;31.682755;25.291605;50.729202;50.62653;50.7308;152.08653;235.13264;234.92372;235.33047;22.63393;22.925081;20.708332;158.58057;393.82935;55.199387;97.0;152.60886;0.49616432;0.7396158;0.24345148;0.0
25.03.2024 04:45;5.6E-45;5.6E-45;1.1E-44;30.148104;23.87215;49.210735;49.114994;49.208447;147.53418;235.26541;234.7477;235.16954;22.623634;22.904787;20.683334;154.1856;393.7912;55.04361;97.0;147.12396;0.6182578;0.52339685;-0.09486097;0.0
25.03.2024 04:50;5.6E-45;5.6E-45;1.1E-44;28.58443;22.413584;48.5498;48.439373;48.534313;145.52348;236.198;235.7421;236.20335;22.613335;22.920008;20.666668;152.68471;393.75305;54.8897;97.0;143.76065;0.8004241;0.31635305;-0.48407105;0.0
25.03.2024 04:55;5.6E-45;5.6E-45;1.1E-44;28.405153;22.192019;47.287033;47.19333;47.278862;141.75922;235.29694;234.77068;235.31046;22.608181;22.935219;20.666668;150.27043;393.7912;54.73865;97.0;140.65456;0.49345222;0.558188;0.0647358;0.0
25.03.2024 05:00;5.6E-45;5.6E-45;1.1E-44;28.298763;22.079037;47.823692;47.722954;47.834637;143.38129;235.1013;234.79546;235.17953;22.618484;22.909866;20.666668;151.28442;393.7912;54.58643;97.0;143.46066;0.4794063;0.66509306;0.18568677;0.0
25.03.2024 05:05;5.6E-45;5.6E-45;1.1E-44;28.62914;22.35067;43.508904;43.408714;43.51112;130.42874;237.71132;237.54732;237.95558;22.623634;22.960545;20.658333;142.16205;393.7912;54.4441;97.0;131.71234;0.21895252;0.82853293;0.6095804;0.0
25.03.2024 05:10;5.6E-45;5.6E-45;1.1E-44;29.402504;23.05135;45.74404;45.633213;45.72013;137.09738;237.51468;237.16745;237.84909;22.603025;22.960545;20.641666;147.44125;393.7149;54.29645;97.0;137.35504;0.49073207;0.5373801;0.046648026;0.0
25.03.2024 05:15;5.6E-45;5.6E-45;1.1E-44;30.285284;23.860945;43.820534;43.717705;43.825665;131.3639;237.33183;236.8589;237.59966;22.618484;22.98583;20.633333;143.2658;393.75305;54.153778;97.0;132.00162;0.40860745;0.6361347;0.22752723;0.0
25.03.2024 05:20;5.6E-45;5.6E-45;1.1E-44;31.86601;25.340681;43.7731;43.656235;43.74375;131.1731;236.98076;236.6474;237.45569;22.63393;22.990885;20.633333;143.0696;393.75305;54.01079;97.0;132.02306;0.2202337;0.62238985;0.40215617;0.0
25.03.2024 05:25;5.6E-45;5.6E-45;1.1E-44;35.146347;28.075737;45.639084;45.547863;45.631207;136.81816;237.21945;236.91545;237.33652;22.618484;22.965603;20.625;146.81718;393.7912;53.863716;97.0;135.99052;0.6932931;0.45170626;-0.24158683;0.0
25.03.2024 05:30;5.6E-45;5.6E-45;1.1E-44;44.50514;36.1844;44.653854;44.550594;44.654736;133.85919;236.58653;236.15045;236.89493;22.623634;22.975721;20.600002;144.81865;393.67676;53.71916;97.0;134.11525;0.39366508;0.51933837;0.1256733;0.0
25.03.2024 05:35;5.6E-45;5.6E-45;1.1E-44;66.17941;54.763237;46.1975;46.075752;46.17367;138.44693;236.44867;236.22028;236.85126;22.63393;22.935219;20.583334;148.04674;393.7149;53.57047;97.0;139.24039;0.2552613;1.0342573;0.778996;0.0
25.03.2024 05:40;5.6E-45;5.6E-45;1.1E-44;100.62122;85.41927;51.841103;51.73533;51.817776;155.39421;237.00749;236.38821;236.65678;22.618484;22.859055;20.558334;161.3662;393.7149;53.407513;97.0;155.50504;0.48045376;0.54435956;0.063905805;0.0
25.03.2024 05:45;5.6E-45;5.6E-45;1.1E-44;146.29633;134.7395;52.630596;52.52273;52.604305;157.75763;236.59505;236.26492;236.91817;22.582401;22.813215;20.516666;163.55644;393.6386;53.242577;97.0;158.84999;0.4354314;0.6397543;0.2043229;0.0
25.03.2024 05:50;3.144559E-5;3.2545632E-4;3.569019E-4;190.43742;162.9861;51.101337;51.010452;51.104206;153.21599;236.72523;236.4506;236.9886;22.597876;22.813215;20.5;159.09448;393.60046;53.08168;97.0;154.29765;0.43732575;0.5691452;0.13181946;0.0
25.03.2024 05:55;0.0044479114;0.0061381226;0.0105860345;193.776;168.18774;52.68112;52.576363;52.662174;157.91966;236.17253;235.76584;236.29538;22.639074;22.82341;20.483334;163.04153;393.56232;52.917183;97.0;158.2308;0.5112326;0.74368185;0.23244923;0.0
25.03.2024 06:00;0.048845373;0.044479053;0.09332442;246.37263;226.0688;51.345802;51.24046;51.34788;153.93414;235.87367;235.20255;235.7282;22.639074;22.828506;20.466667;156.30472;393.6386;52.75979;97.0;153.3502;0.6090701;0.5231408;-0.085929334;0.0
25.03.2024 06:05;0.29551262;0.34690568;0.64241827;283.2004;241.82431;49.207294;49.11062;49.19593;147.51385;234.8656;234.36897;235.05128;22.675053;22.970661;20.45;147.18044;393.67676;52.61216;97.0;147.15492;0.62270176;0.5817718;-0.040929973;0.0
25.03.2024 06:10;3.7339103;4.253292;7.9872026;303.33218;295.77908;58.7723;58.655575;58.738567;176.16644;234.27219;233.6061;234.52348;22.74681;22.950417;20.45;163.49562;393.60046;52.448463;97.0;176.1213;0.75570476;0.6809937;-0.074711084;0.0
25.03.2024 06:15;10.39381;12.478294;22.872105;344.3608;341.73053;57.068893;56.96697;57.06392;171.09978;237.90329;237.25092;238.01292;22.884474;23.081642;20.433332;143.58429;393.75305;52.305775;97.0;171.08485;0.6662406;0.69822025;0.03197968;0.0
25.03.2024 06:20;24.293013;25.483866;49.77688;348.7543;355.40604;57.60624;57.493206;57.58613;172.68558;236.9563;236.53726;237.22533;22.955479;23.201996;20.425;119.363594;393.7912;52.187305;97.0;172.99643;0.49726447;0.61574703;0.11848256;0.0
25.03.2024 06:25;43.287624;43.98128;87.268906;386.01257;374.35117;59.117626;59.01909;59.110138;177.24686;238.70323;238.16782;239.1001;22.970661;23.136892;20.425;87.35804;393.9438;52.101974;97.0;176.96599;0.77012926;0.764313;-0.005816281;0.0
25.03.2024 06:30;47.19078;52.27656;99.46735;409.35953;392.39;56.905827;56.806786;56.891537;170.60416;234.77376;234.7295;235.39069;23.036312;23.266878;20.416666;67.57095;394.24896;52.036865;97.0;170.7096;0.53377897;0.52531725;-0.008461714;0.0
25.03.2024 06:35;58.37825;64.98577;123.36402;407.98022;392.59488;45.28391;45.18253;45.27337;135.7398;234.25769;233.90327;234.63481;23.141909;23.27684;20.408333;7.8973083;394.66858;52.028038;97.0;134.73471;0.75244635;0.48689368;-0.26555267;0.0
25.03.2024 06:40;81.84314;89.43082;171.27396;415.3022;408.04044;44.346817;44.219814;44.31324;132.87988;233.79718;233.3787;234.24141;23.236958;23.31664;20.425;-38.69105;395.35522;52.050613;97.0;133.37971;0.8359215;0.69217193;-0.1437496;0.0
25.03.2024 06:45;99.473366;96.561195;196.03456;412.90695;420.24667;42.530224;42.4333;42.534607;127.49813;237.10706;236.13206;237.05626;23.271856;23.366276;20.408333;-68.08606;395.85114;52.102028;97.0;127.72409;0.47945762;0.6260953;0.14663768;0.0
25.03.2024 06:50;259.38358;207.1876;466.57117;465.4374;471.29126;79.7946;79.66823;79.73918;239.20201;237.19131;236.6306;237.47878;23.376188;23.430614;20.416666;-220.61754;396.99554;52.27854;97.0;237.35654;0.82801354;0.62034655;-0.207667;0.0
25.03.2024 06:55;546.3735;465.55194;1011.9254;448.21304;427.40903;634.43665;634.34125;634.41266;1903.1904;236.6567;236.48552;238.6874;23.928143;24.18641;20.433332;918.75555;382.95746;51.46368;97.0;1902.8915;2.2662435;1.1153784;-1.1508651;0.0
25.03.2024 07:00;808.85785;842.6274;1651.4852;469.44022;480.9263;1305.6045;1305.4468;1305.6417;3916.6929;237.02739;236.1758;237.1803;24.863005;24.881329;20.633333;2385.6904;396.76666;49.352974;97.0;3909.4402;5.269532;4.175291;-1.0942411;0.0
25.03.2024 07:05;985.39844;1027.9316;2013.3301;470.59375;479.70465;101.0395;100.90913;100.97389;302.92252;236.07394;235.45268;236.36218;24.826302;25.011864;20.716665;-1678.1215;399.20807;50.76382;97.0;302.95734;1.0667015;0.60271865;-0.46398288;0.0
25.03.2024 07:10;990.18146;1031.904;2022.0854;469.15375;477.84293;85.64865;85.528404;85.62161;256.79868;235.4688;234.92007;235.56984;24.949884;25.464115;20.941668;-1731.0253;399.16992;52.205933;97.0;257.4496;0.9758165;0.8870733;-0.08874321;0.0
25.03.2024 07:15;613.55096;637.7879;1251.3389;465.8435;470.3187;78.964714;78.86167;78.90667;236.73306;235.47911;234.59108;235.27266;25.005932;25.557032;21.041666;-995.30817;400.8484;53.03314;97.0;235.48256;0.9977955;0.73988587;-0.25790966;0.0
25.03.2024 07:20;1175.4094;1224.7888;2400.1982;473.92593;483.48523;78.602165;78.51017;78.57565;235.68799;235.24355;234.32182;234.83531;25.359144;26.141062;21.3;-2123.5422;405.0064;54.79176;97.0;234.82988;1.101969;0.6028213;-0.4991477;0.0
25.03.2024 07:25;1058.6578;1108.7213;2167.3792;473.32596;482.65527;74.914345;74.79522;74.85705;224.56662;235.44969;234.7039;235.04967;25.539637;26.021986;21.508333;-1908.997;402.33612;56.37495;97.0;223.99966;1.1437913;1.1731004;0.029309034;0.0
25.03.2024 07:30;1425.6168;1487.8369;2913.4536;470.86157;483.83844;70.69953;70.60178;70.688614;211.98993;235.3934;234.91452;235.74927;25.890884;26.865149;21.825;-2652.8145;406.07452;58.569836;97.0;211.95476;0.9423714;0.86995244;-0.07241899;0.0
25.03.2024 07:35;1117.4973;1165.8248;2283.3223;466.95718;483.93314;69.01357;68.905754;68.98773;206.90706;235.80638;234.84201;235.79881;26.033354;26.66686;22.091667;-2036.7216;402.83203;60.25895;95.26663;207.42902;1.0639279;1.3881967;0.32426882;0.0
25.03.2024 07:40;1282.1731;1336.031;2618.204;468.37534;481.2134;66.6682;66.55971;66.616104;199.84401;236.03468;235.54071;236.14317;26.32699;27.326756;22.4;-2375.5938;407.1045;62.22601;95.28154;199.09535;1.5767877;1.0386528;-0.53813493;0.0
25.03.2024 07:45;1676.875;1743.4333;3420.3083;472.48804;483.32663;66.77529;66.65717;66.72759;200.16006;235.81174;235.33902;235.83232;26.766214;27.9422;22.724998;-3163.8748;407.98187;64.830795;95.2854;200.99387;0.6153593;1.0226785;0.4073192;0.0
25.03.2024 07:50;1795.4036;1865.2786;3660.6821;473.96887;481.44824;449.9481;449.8634;449.943;1349.7545;234.7645;235.51138;236.00183;27.401915;27.858286;22.983334;-2264.1218;404.85382;66.692085;95.273285;1349.8734;1.568354;0.82073915;-0.74761486;0.0
25.03.2024 07:55;1884.0825;1981.8638;3865.9463;476.3896;479.33557;753.3992;753.3372;753.43713;2260.1733;234.58202;235.38736;235.7687;27.774067;28.140268;23.041668;-1559.2762;405.99823;67.97931;95.27671;2259.0305;0.9896153;0.81978595;-0.16982937;0.0
25.03.2024 08:00;2022.6782;2115.9458;4138.624;492.9336;477.79398;245.21484;245.14316;245.21826;735.5763;234.68954;234.51332;235.13976;27.989264;28.915625;23.375002;-3336.8948;410.2707;70.71659;95.29333;734.21124;0.7502054;0.4733505;-0.2768549;0.0
25.03.2024 08:05;2158.7327;2217.8625;4376.595;487.2088;478.7875;117.766266;117.65962;117.74237;353.16827;234.15147;234.98277;235.33069;28.362322;29.401655;23.641666;-3960.8943;407.1808;73.9523;97.0;358.9942;1.0144439;5.243695;4.229251;0.0
25.03.2024 08:10;2261.1987;2311.6484;4572.847;484.1645;476.84247;610.8779;610.8208;610.9022;1832.601;234.96616;234.72475;235.43057;28.698978;29.489784;23.825;-2682.4414;411.22437;76.15196;97.0;1831.4431;1.0638863;0.6808448;-0.3830415;0.0
25.03.2024 08:15;2397.4277;2424.265;4821.6924;481.57907;476.83173;63.963295;63.848896;63.926075;191.73827;235.55809;234.96867;235.90578;28.784876;30.250387;24.216667;-4553.9736;411.911;79.866104;97.0;191.15805;0.8373902;0.41457242;-0.42281777;0.0
25.03.2024 08:20;2481.079;2532.8826;5013.962;479.0274;475.8093;61.2171;61.109814;61.17855;183.50546;235.46631;235.42386;235.57085;29.174843;30.828943;24.658335;-4750.797;412.48322;83.73729;97.0;183.11522;0.6865737;0.5302433;-0.1563304;0.0
25.03.2024 08:25;2576.5454;2634.4343;5210.9795;476.03564;474.03256;94.11562;93.98884;94.05238;282.15686;237.16394;236.52863;236.86002;29.616451;31.34923;25.133333;-4844.36;412.59766;87.680664;97.0;180.75975;102.50632;0.48002362;-102.02629;0.0
25.03.2024 08:30;2661.9846;2720.9631;5382.9478;479.61768;474.677;513.96155;513.8317;513.943;1541.7362;237.02342;237.07993;237.11125;30.099287;31.453257;25.391666;-3777.6301;412.7121;90.76079;97.0;1119.3258;422.81973;0.4348248;-422.38492;0.0
25.03.2024 08:35;2749.2588;2801.6038;5550.8623;480.55185;473.20703;618.0043;617.8893;618.00256;1853.8961;236.7284;236.33698;237.10175;30.627537;31.648664;25.666668;-3653.2913;412.40692;93.73904;97.0;152.86021;1701.503;0.0;-1701.503;0.0
25.03.2024 08:40;2668.164;2713.907;5382.0713;474.4833;474.3872;792.50323;792.387;792.5466;2377.4368;237.48347;237.01195;237.4471;31.075716;31.683006;25.866669;-2950.8223;412.02545;96.14522;97.0;157.05142;2222.8875;1.6032087;-2221.2842;0.0
25.03.2024 08:45;2935.8447;2975.061;5910.906;474.6129;472.73724;1631.5361;1631.4393;1631.5361;4894.5117;237.35533;236.92091;236.96674;32.091667;31.064014;25.858334;-929.5414;402.52686;96.89748;97.0;161.07011;4736.2456;0.0;-4736.2456;0.0
25.03.2024 08:50;3043.9639;3078.722;6122.6855;474.16656;470.61237;2004.4769;2004.3655;2004.5361;6013.3784;236.47537;236.22289;236.49626;32.896126;30.85844;25.733334;3.2140834;402.0691;96.88832;97.0;113.711136;5899.859;0.0;-5899.859;0.0
25.03.2024 08:55;3161.8167;3208.4514;6370.268;475.32767;475.33224;2085.295;2085.2131;2085.3445;6255.8525;237.26295;237.06583;237.25246;33.55979;30.934973;25.683334;3.197167;401.80206;96.87917;97.0;142.42587;6113.662;0.0;-6113.662;0.0
25.03.2024 09:00;3232.696;3282.8933;6515.5894;473.61636;474.7384;2132.6309;2132.5425;2132.6587;6397.832;238.08028;237.86603;238.03569;34.019196;31.06986;25.583332;3.4377646;401.68762;96.87001;97.0;179.47192;6218.2773;0.0;-6218.2773;0.0
25.03.2024 09:05;3311.4338;3369.1548;6680.589;471.84763;475.0908;2186.3555;2186.257;2186.4097;6559.022;236.22458;235.77278;236.05836;34.521923;31.221542;25.525;3.2221255;401.4969;96.860855;96.860855;150.43944;6408.2236;0.0;-6408.2236;0.0
25.03.2024 09:10;3380.3752;3433.2893;6813.6646;470.24997;471.3805;2230.102;2229.993;2230.2402;6690.335;236.09796;236.44319;236.90524;34.954453;31.424398;25.441668;2.803135;401.53503;96.85171;96.8517;806.32416;5887.019;0.0;-5887.019;0.0
25.03.2024 09:15;3415.0603;3470.877;6885.9375;469.3203;467.60434;2253.719;2253.6292;2253.8442;6761.1924;235.79033;236.2004;236.29292;35.41913;31.574116;25.366667;2.9047842;401.4969;96.84254;96.842545;2226.709;4534.1504;0.0;-4534.1504;0.0
25.03.2024 09:20;3502.9468;3610.9663;7113.913;466.0157;463.24945;2328.084;2328.0247;2328.246;6984.3545;235.15915;236.0671;236.11412;36.04129;31.791449;25.316668;2.9695127;401.45874;96.83339;96.83339;2146.967;4837.714;0.0;-4837.714;0.0
25.03.2024 09:25;3611.044;3729.3933;7340.4375;465.24417;460.57812;2401.448;2401.3696;2401.4646;7204.282;235.79095;235.47816;235.85498;36.558933;32.018337;25.258333;2.4539068;401.22986;96.82424;96.824234;1107.795;6090.3647;0.0;-6090.3647;0.0
